log-normal size distribution:  Reff = 4 microns  Veff = 0.1
Visible   Tv = 6000.0
Bin  Qext    Qscat     W0      g        L1       L2
 7   2.986   2.489   0.821   0.790     4.50     3.24
 6   2.414   1.852   0.711   0.917     3.24     2.48
 5   2.727   2.691   0.986   0.822     2.48     1.86
 4   2.326   2.311   0.994   0.788     1.86     1.31
 3   2.259   2.259   1.000   0.823     1.31     0.80
 2   2.173   2.173   1.000   0.849     0.80     0.40
 1   2.120   2.120   1.000   0.857     0.40     0.24

IR   Tir = 215 K
Bin  Qext    Qscat     W0      g        L1       L2
 1   0.143   0.010   0.054   0.020   1000.0     60.0
 2   0.368   0.080   0.286   0.129     60.0     24.0
 3   1.259   0.665   0.585   0.444     24.0     12.0
 4   1.223   0.551   0.448   0.693     12.0      8.0
 5   2.105   1.560   0.738   0.808      8.0      4.5
