log-normal size distribution:  Reff = 1.5 microns  Veff = 0.5
Visible   Tv = 6000.0
Bin  Qext    Qscat     W0      g        L1       L2
 1   1.834   1.695   0.925   0.551     4.50     3.24
 2   2.296   2.031   0.881   0.640     3.24     2.48
 3   2.672   2.583   0.967   0.661     2.48     1.86
 4   2.829   2.744   0.970   0.678     1.86     1.31
 5   2.698   2.626   0.973   0.690     1.31     0.80
 6   2.452   2.225   0.905   0.743     0.80     0.40
 7   2.261   1.525   0.674   0.868     0.40     0.24

IR   Tir = 215 K
Bin  Qext    Qscat     W0      g        L1       L2
 1   0.008   0.001   0.128   0.004   1000.0     60.0
 2   0.262   0.037   0.157   0.030     60.0     24.0
 3   0.491   0.122   0.265   0.095     24.0     12.0
 4   1.017   0.351   0.369   0.214     12.0      8.0
 5   0.444   0.336   0.622   0.316      8.0      4.5
